839
 106
 258
 994
 732
 356
 97
 766
 169
 686
 657
 375
 972
 295
 910
 114
 402
 943
 849
 843
 186
 1000
 561
 750
 181
 616
 807
 233
 538
 786
 701
 307
 229
 261
 316
 358
 171
 513
 311
 199
 706
 794
 992
 474
 434
 388
 566
 224
 596
 430
 166
 36
 790
 992
 649
 783
 596
 626
 819
 574
 657
 901
 605
 833
 746
 270
 591
 188
 560
 862
 120
 307
 815
 568
 318
 329
 902
 44
 49
 326
 963
 53
 903
 743
 622
 728
 176
 999
 717
 777
 229
 599
 473
 584
 297
 292
 709
 491
 157
 545
 957
 577
 290
 695
 550
 6
 249
 93
 855
 512
 286
 84
 509
 279
 567
 817
 999
 562
 733
 386
 502
 586
 336
 974
 908
 81
 518
 391
 604
 43
 226
 86
 309
 326
 666
 545
 710
 598
 112
 39
 214
 192
 51
 233
 468
 235
 273
 468
 835
 502
 253
 166
 666
 15
 613
 408
 303
 933
 717
 295
 765
 772
 131
 224
 91
 83
 799
 849
 52
 540
 283
 391
 530
 341
 891
 43
 128
 204
 207
 782
 205
 968
 35
 918
 796
 750
 722
 817
 624
 64
 255
 533
 394
 793
 465
 167
 473
 420
 863
 772
 824
 995
 560
 130
 811
 575
 590
 236
 729
 553
 688
 477
 934
 898
 705
 854
 933
 695
 639
 109
 704
 607
 750
 344
 421
 778
 251
 584
 456
 5
 570
 918
 778
 290
 660
 746
 325
 543
 600
 15
 197
 77
 314
 396
 517
 176
 356
 108
 385
 838
 536
 941
 293
 146
 97
 757
 783
 179
 795
 746
 452
 650
 268
 658
 859
 512
 184
 975
 394
 213
 4
 232
 189
 66
 522
 656
 475
 929
 844
 586
 347
 290
 374
 794
 383
 614
 377
 57
 644
 577
 566
 920
 645
 892
 755
 401
 617
 221
 24
 49
 327
 857
 568
 793
 228
 778
 493
 298
 406
 679
 158
 127
 968
 807
 700
 12
 102
 777
 238
 836
 383
 79
 490
 118
 474
 383
 184
 484
 197
 136
 237
 763
 605
 438
 856
 759
 759
 262
 418
 840
 128
 212
 517
 763
 492
 207
 763
 106
 929
 625
 927
 835
 765
 787
 207
 469
 565
 666
 727
 907
 969
 193
 368
 273
 23
 683
 247
 951
 852
 822
 662
 98
 71
 339
 334
 380
 882
 665
 709
 923
 192
 615
 502
 84
 10
 370
 374
 199
 541
 681
 347
 845
 677
 497
 119
 649
 90
 384
 920
 736
 216
 557
 340
 460
 224
 511
 498
 32
 969
 297
 260
 904
 584
 604
 177
 751
 582
 522
 861
 256
 224
 290
 617
 171
 388
 489
 190
 312
 932
 781
 660
 594
 618
 744
 71
 275
 387
 110
 210
 409
 631
 717
 736
 817
 816
 266
 650
 292
 302
 387
 668
 760
 654
 176
 928
 828
 566
 727
 938
 734
 921
 704
 1
 494
 458
 890
 278
 821
 796
 566
 754
 662
 145
 661
 132
 777
 804
 152
 368
 566
 255
 430
 468
 175
 583
 38
 125
 863
 441
 929
 551
 160
 660
 364
 592
 185
 895
 772
 187
 49
 327
 589
 226
 887
 469
 32
 312
 54
 849
 682
 281
 901
 767
 728
 353
 176
 525
 610
 463
 336
 484
 905
 79
 568
 675
 128
 347
 534
 223
 15
 829
 399
 743
 386
 876
 94
 390
 124
 369
 995
 230
 55
 542
 771
 137
 173
 610
 405
 707
 657
 805
 815
 538
 200
 710
 735
 855
 281
 71
 695
 849
 31
 743
 68
 901
 669
 315
 453
 887
 785
 632
 674
 614
 541
 62
 924
 958
 383
 49
 890
 348
 507
 431
 229
 429
 415
 683
 12
 735
 230
 391
 169
 796
 636
 436
 444
 446
 875
 827
 697
 59
 440
 325
 926
 328
 604
 158
 221
 948
 765
 426
 240
 352
 739
 580
 455
 343
 894
 187
 434
 372
 303
 987
 260
 335
 64
 180
 18
 317
 883
 221
 651
 405
 370
 773
 33
 268
 319
 639
 231
 158
 778
 519
 202
 615
 231
 639
 415
 799
 562
 432
 514
 192
 743
 325
 358
 823
 519
 582
 425
 972
 606
 812
 559
 605
 800
 799
 95
 217
 289
 402
 284
 845
 493
 422
 562
 245
 577
 403
 511
 940
 842
 522
 24
 909
 779
 236
 228
 685
 40
 343
 110
 604
 500
 821
 566
 915
 283
 758
 255
 766
 832
 440
 475
 44
 266
 824
 506
 548
 218
 218
 573
 453
 80
 467
 985
 918
 975
 351
 267
 961
 874
 852
 479
 194
 907
 355
 116
 826
 163
 108
 717
 10
 534
 154
 578
 105
 206
 153
 454
 461
 946
 272
 286
 250
 345
 791
 371
 169
 851
 403
 770
 853
 833
 813
 207
 563
 382
 315
 546
 407
 692
 723
 551
 341
 230
 266
 504
 970
 944
 532
 2
 915
 223
 840
 311
 421
 855
 926
 804
 844
 806
 396
 713
 651
 416
 87
 615
 812
 879
 18
 222
 900
 109
 522
 198
 741
 570
 587
 567
 670
 445
 416
 632
 489
 421
 221
 294
 562
 939
 469
 547
 701
 58
 336
 309
 200
 23
 506
 811
 559
 1000
 863
 25
 467
 880
 848
 251
 146
 77
 254
 81
 658
 142
 177
 818
 25
 967
 44
 42
 283
 825
 286
 188
 532
 271
 586
 694
 790
 162
 539
 726
 45
 332
 359
 191
 197
 428
 337
 601
 338
 920
 984
 966
 613
 726
 916
 34
 933
 681
 504
 982
 190
 317
 32
 311
 805
 982
 240
 886
 550
 642
 698
 133
 269
 594
 313
 90
 903
 896
 138
 357
 527
 368
 977
 948
 987
 938
 989
 162
 779
 787
 882
 86
 46
 432
 355
 484
 533
 349
 23
 780
 565
 875
 607
 299
 339
 350
 881
 191
 846
 157
 188
 282
 996
 293
 957
 72
 198
 806
 986
 542
 447
 813
 107
 350
 858
 664
 961
 149
 191
 797
 264
 66
 17
 566
 928
 605
 619
 42
 587
 232
 974
 636
 175
 514
 793
 179
 629
 330
 867
 792
 942
 422
 213
 896
 783
 564
 173
 859
 464
 193
 814
 897
 430
 337
 953
 495
 644
 940
 309
 318
 21
 466
 110
 440
 228
 61
 808
 588
 740
 847
 935
 368
 36
 966
 390
 505
 332
 714
 360
 485
 633
 460
 523
 863
 76
 448
 455
 653
 448
 910
 795
 801
 925
 27
 53
 665
 309
 400
 702
 597
 462
 704
 955
 126
 665
 48
 404
 322
 883
 950
 275
 93
 326
 654
 768
 726
 883
 230
 966
 260
 719
 12
 781
 767
 292
 850
 30
 634
 265
 815
 253
 291
 252
 79
 591
 265
 614
 849
 342
 959
 658
 438
 112
 320
 819
 587
 454
 918
 651
 411
 854
 115
 186
 749
 225
 34
 723
 193
 363
 751
 949
 959
 565
 224
 861
 937
 570
 725
 879
 706
 408
 967
 24
 88
 519
 96
 248
 77
 655
 276
 378
 249
 605
 79
 85
 300
 34
 211
 636
 259
 98
 861
 509
 698
 50
 156
 383
 676
 991
 92
 792
 702
 538
 395
 799
 96
 738
 567
 802
 664
 816
 814
 9
 739
 937
 267
 964
 116
 159
 385
 852
 38
 46
 937
 495
 614
 293
 642
 140
 27
 374
 686
 293
 477
 554
 388
 169
 475
 881
 651
 625
 162
 234
 819
 16
 436
 342
 938
 371
 343
 636
 719
 221
 747
 571
 68
 772
 165
 196
 909
 49
 57
 865
 418
 315
 739
 928
 60
 282
 461
 890
 751
 528
 727
 874
 898
 950
 986
 370
 906
 426
 550
 565
 328
 956
 303
 99
 786
 455
 391
 594
 552
 817
 783
 152
 2
 905
 942
 657
 762
 919
 192
 166
 952
 544
 390
 580
 185
 497
 1
 516
 146
 374
 563
 13
 910
 726
 134
 133
 105
 480
 283
 891
 438
 851
 154
 781
 203
 995
 445
 157
 970
 300
 778
 230
 957
 719
 281
 694
 177
 738
 471
 232
 42
 339
 780
 608
 754
 400
 13
 890
 479
 191
 106
 558
 618
 974
 743
 13
 414
 484
 906
 536
 912
 151
 678
 527
 763
 913
 853
 425
 808
 266
 682
 118
 563
 164
 831
 132
 628
 812
 837
 420
 31
 604
 584
 210
 154
 443
 268
 111
 619
 570
 66
 703
 800
 190
 971
 266
 819
 372
 990
 499
 657
 113
 586
 905
 907
 723
 274
 565
 254
 440
 930
 683
 562
 203
 785
 633
 820
 685
 75
 921
 84
 150
 464
 58
 393
 771
 112
 266
 823
 8
 853
 514
 991
 220
 184
 933
 944
 607
 346
 138
 82
 111
 65
 261
 586
 433
 241
 666
 167
 228
 586
 535
 499
 991
 23
 327
 303
 11
 441
 856
 586
 805
 608
 804
 17
 281
 880
 792
 963
 661
 77
 156
 572
 561
 296
 30
 311
 188
 776
 810
 343
 503
 588
 763
 466
 849
 899
 415
 100
 787
 585
 920
 905
 760
 780
 268
 161
 761
 518
 865
 214
 806
 577
 686
 717
 913
 22
 386
 257
 669
 659
 263
 57
 845
 324
 613
 666
 916
 505
 203
 443
 675
 154
 525
 919
 69
 178
 297
 942
 561
 629
 137
 298
 196
 222
 527
 167
 178
 969
 536
 669
 636
 90
 803
 903
 52
 457
 678
 323
 832
 53
 680
 483
 722
 492
 225
 500
 90
 477
 432
 132
 536
 360
 439
 250
 517
 573
 940
 269
 410
 317
 459
 787
 747
 228
 29
 140
 810
 818
 760
 246
 626
 22
 881
 298
 316
 470
 278
 854
 920
 611
 284
 477
 470
 162
 335
 648
 857
 908
 132
 60
 822
 68
 703
 221
 421
 806
 261
 417
 997
 143
 735
 939
 883
 496
 602
 303
 91
 633
 395
 415
 879
 231
 764
 790
 882
 744
 192
 887
 80
 847
 927
 57
 260
 722
 570
 550
 973
 972
 125
 56
 241
 315
 175
 689
 576
 692
 743
 370
 907
 274
 393
 875
 392
 467
 816
 732
 476
 366
 447
 199
 782
 250
 966
 529
 152
 884
 526
 845
 542
 398
 165
 865
 414
 388
 395
 711
 356
 305
 381
 748
 655
 129
 412
 885
 458
 357
 992
 377
 974
 602
 604
 376
 90
 589
 887
 297
 324
 981
 412
 1
 20
 124
 626
 411
 125
 29
 364
 349
 80
 788
 726
 504
 96
 745
 549
 512
 169
 608
 102
 329
 749
 706
 1
 375
 146
 480
 286
 875
 112
 933
 132
 926
 325
 124
 927
 19
 30
 436
 330
 176
 142
 147
 517
 718
 298
 854
 228
 274
 978
 266
 477
 137
 760
 124
 104
 849
 988
 221
 662
 876
 817
 635
 327
 870
 377
 579
 1
 888
 899
 687
 229
 337
 493
 966
 1
 1000
 212
 241
 678
 802
 20
 897
 546
 601
 74
 244
 539
 733
 757
 788
 841
 130
 544
 96
 137
 715
 385
 272
 370
 458
 182
 135
 85
 536
 733
 685
 777
 84
 951
 634
 874
 430
 293
 16
 150
 900
 178
 6
 499
 371
 213
 214
 939
 497
 327
 648
 228
 430
 841
 423
 286
 186
 47
 806
 494
 990
 997
 394
 55
 367
 691
 428
 700
 743
 686
 921
 315
 576
 810
 423
 647
 84
 302
 884
 263
 649
 301
 290
 246
 811
 196
 886
 387
 908
 776
 337
 23
 262
 133
 632
 872
 222
 53
 313
 717
 479
 696
 975
 319
 278
 635
 35
 115
 648
 182
 244
 12
 292
 563
 683
 31
 694
 158
 754
 336
 335
 738
 206
 337
 145
 78
 764
 843
 371
 39
 41
 336
 15
 612
 842
 141
 434
 184
 397
 768
 550
 832
 536
 109
 391
 641
 603
 37
 793
 410
 797
 913
 796
 1000
 216
 616
 43
 838
 531
 48
 564
 254
 844
 993
 319
 282
 108
 604
 536
 263
 72
 616
 798
 752
 781
 697
 838
 858
 735
 949
 121
 380
 716
 764
 496
 784
 179
 454
 29
 177
 378
 551
 331
 228
 260
 18
 435
 118
 133
 441
 212
 456
 276
 4
 377
 399
 215
 55
 481
 766
 871
 922
 537
 358
 273
 782
 803
 321
 695
 296
 73
 384
 637
 661
 777
 11
 514
 56
 488
 356
 805
 898
 457
 423
 759
 865
 695
 225
 877
 672
 682
 192
 186
 407
 908
 530
 812
 422
 394
 168
 157
 997
 480
 630
 88
 221
 705
 771
 680
 429
 100
 982
 31
 914
 171
 675
 522
 381
 286
 632
 431
 553
 623
 459
 578
 62
 467
 325
 428
 829
 189
 557
 898
 923
 259
 398
 188
 18
 827
 433
 653
 146
 48
 297
 386
 48
 84
 415
 303
 903
 452
 860
 778
 323
 346
 915
 631
 104
 594
 854
 963
 184
 389
 418
 364
 568
 302
 307
 106
 210
 337
 512
 53
 30
 46
 857
 104
 626
 874
 439
 499
 113
 175
 288
 7
 154
 718
 349
 903
 916
 541
 463
 37
 102
 647
 716
 520
 960
 149
 198
 689
 320
 178
 550
 699
 58
 634
 484
 659
 340
 854
 555
 785
 967
 101
 545
 229
 244
 295
 777
 693
 824
 398
 872
 368
 123
 478
 977
 781
 996
 448
 853
 36
 343
 964
 795
 126
 269
 653
 835
 294
 865
 368
 70
 48
 746
 507
 646
 622
 82
 949
 979
 448
 65
 524
 103
 163
 892
 718
 776
 161
 766
 157
 169
 104
 587
 288
 5
 256
 954
 103
 317
 686
 314
 958
 112
 2
 894
 388
 315
 718
 932
 650
 480
 885
 926
 598
 890
 597
 41
 393
 206
 426
 431
 339
 86
 556
 618
 673
 116
 348
 964
 663
 834
 584
 398
 837
 358
 843
 968
 259
 377
 586
 679
 910
 300
 321
 743
 675
 165
 932
 841
 932
 709
 231
 135
 432
 777
 554
 808
 249
 724
 613
 853
 134
 490
 198
 908
 138
 461
 696
 82
 796
 405
 488
 750
 272
 494
 338
 240
 841
 33
 164
 181
 913
 352
 489
 395
 764
 90
 457
 969
 366
 926
 160
 818
 991
 981
 483
 416
 248
 386
 722
 824
 821
 731
 513
 33
 579
 649
 510
 839
 600
 181
 296
 6
 31
 417
 857
 345
 287
 43
 470
 4
 960
 888
 970
 246
 166
 345
 89
 635
 705
 339
 134
 712
 368
 551
 264
 726
 821
 316
 937
 828
 811
 38
 553
 944
 584
 559
 653
 56
 635
 489
 64
 599
 33
 223
 279
 651
 753
 206
 393
 110
 265
 665
 258
 435
 714
 76
 690
 435
 840
 271
 284
 307
 689
 46
 289
 152
 503
 637
 284
 89
 833
 483
 427
 280
 207
 69
 263
 812
 463
 510
 827
 876
 784
 838
 845
 457
 7
 687
 621
 312
 480
 366
 781
 815
 246
 926
 309
 392
 413
 483
 81
 545
 370
 486
 376
 822
 785
 934
 574
 992
 303
 512
 836
 233
 130
 197
 295
 404
 314
 591
 513
 351
 179
 466
 932
 66
 417
 190
 169
 501
 345
 97
 127
 122
 253
 815
 280
 870
 206
 359
 789
 676
 145
 398
 856
 439
 270
 263
 641
 158
 408
 482
 841
 651
 213
 939
 247
 696
 958
 215
 997
 493
 610
 83
 818
 976
 612
 910
 681
 715
 988
 261
 398
 161
 685
 865
 805
 961
 799
 31
 459
 788
 111
 40
 660
 821
 427
 694
 124
 83
 392
 621
 616
 827
 775
 390
 136
 755
 338
 939
 941
 65
 563
 377
 890
 797
 375
 835
 181
 741
 409
 393
 42
 997
 615
 284
 256
 177
 324
 219
 234
 960
 190
 301
 159
 41
 230
 286
 863
 879
 475
 556
 230
 486
 963
 381
 624
 956
 813
 449
 28
 186
 829
 192
 764
 120
 21
 977
 184
 472
 17
 803
 466
 587
 566
 883
 229
 770
 114
 347
 762
 270
 887
 140
 958
 992
 431
 874
 34
 836
 683
 942
 968
 553
 145
 312
 457
 752
 120
 528
 724
 717
 462
 392
 248
 483
 118
 174
 575
 95
 924
 358
 109
 523
 433
 510
 518
 933
 523
 21
 954
 669
 988
 418
 77
 452
 52
 261
 182
 264
 424
 871
 165
 629
 911
 239
 502
 957
 270
 984
 746
 113
 273
 16
 510
 606
 105
 781
 755
 326
 175
 58
 402
 917
 301
 530
 396
 927
 833
 761
 687
 175
 93
 292
 880
 297
 268
 745
 461
 97
 684
 130
 667
 817
 889
 121
 927
 464
 119
 903
 179
 892
 281
 793
 729
 430
 535
 138
 205
 382
 196
 756
 283
 133
 664
 974
 222
 749
 706
 598
 334
 191
 259
 816
 62
 375
 467
 199
 123
 296
 323
 483
 614
 322
 587
 62
 286
 232
 857
 900
 978
 779
 28
 363
 92
 578
 544
 976
 676
 889
 450
 403
 550
 852
 362
 48
 529
 742
 47
 921
 367
 791
 748
 841
 559
 566
 487
 988
 80
 580
 689
 29
 651
 742
 288
 241
 664
 195
 819
 122
 464
 937
 303
 686
 453
 287
 417
 323
 122
 877
 322
 734
 762
 676
 504
 494
 590
 859
 685
 200
 814
 764
 741
 856
 521
 131
 318
 691
 926
 35
 341
 344
 774
 57
 595
 867
 8
 23
 753
 523
 37
 53
 268
 733
 296
 306
 359
 267
 511
 35
 870
 797
 593
 222
 575
 346
 635
 679
 35
 562
 531
 202
 473
 450
 88
 180
 723
 55
 853
 525
 246
 510
 648
 194
 688
 753
 566
 270
 46
 587
 589
 290
 638
 774
 324
 479
 502
 292
 213
 375
 905
 667
 763
 894
 325
 24
 162
 226
 128
 387
 224
 158
 741
 720
 699
 454
 482
 725
 167
 235
 670
 894
 989
 247
 831
 667
 491
 170
 534
 81
 770
 222
 918
 727
 832
 199
 772
 619
 894
 692
 870
 841
 101
 724
 708
 543
 698
 684
 60
 768
 878
 419
 319
 246
 883
 775
 881
 820
 320
 34
 958
 813
 620
 525
 288
 849
 468
 34
 76
 990
 596
 181
 748
 582
 221
 566
 294
 803
 645
 651
 501
 849
 234
 382
 884
 52
 507
 376
 260
 895
 968
 870
 323
 753
 185
 232
 558
 624
 882
 716
 253
 547
 711
 398
 631
 153
 232
 111
 464
 171
 208
 569
 299
 838
 656
 37
 296
 314
 203
 14
 815
 662
 487
 108
 600
 582
 930
 896
 792
 339
 739
 926
 296
 995
 392
 688
 18
 287
 506
 65
 717
 154
 16
 741
 686
 991
 812
 418
 76
 306
 823
 10
 671
 337
 473
 591
 858
 332
 618
 842
 582
 178
 980
 749
 598
 767
 40
 168
 825
 728
 562
 354
 540
 915
 270
 853
 578
 36
 832
 304
 465
 459
 49
 480
 240
 573
 222
 416
 248
 499
 653
 543
 205
 867
 960
 398
 706
 512
 146
 467
 86
 535
 711
 221
 119
 32
 875
 195
 455
 45
 104
 121
 2
 968
 619
 44
 38
 877
 680
 76
 371
 148
 511
 401
 81
 500
 236
 450
 888
 299
 932
 381
 108
 362
 744
 375
 272
 268
 516
 576
 346
 594
 134
 666
 808
 492
 439
 788
 998
 525
 470
 660
 722
 132
 132
 687
 832
 610
 593
 721
 866
 545
 198
 773
 496
 753
 387
 404
 741
 782
 982
 788
 902
 158
 122
 691
 60
 931
 921
 316
 451
 226
 20
 84
 291
 590
 621
 409
 111
 294
 703
 289
 396
 258
 953
 853
 789
 311
 10
 927
 378
 306
 912
 629
 139
 822
 995
 112
 911
 634
 590
 103
 158
 751
 830
 626
 987
 720
 575
 677
 282
 453
 568
 557
 681
 662
 752
 743
 433
 210
 121
 535
 990
 33
 98
 588
 564
 84
 274
 415
 116
 770
 816
 453
 187
 396
 219
 623
 944
 1000
 511
 464
 73
 380
 135
 661
 243
 752
 196
 488
 853
 932
 161
 569
 322
 737
 835
 509
 795
 713
 202
 420
 480
 261
 74
 98
 216
 663
 194
 163
 539
 170
 311
 553
 826
 971
 310
 567
 257
 983
 414
 732
 369
 99
 644
 293
 588
 884
 731
 299
 263
 231
 361
 171
 18
 443
 560
 739
 354
 40
 470
 512
 85
 451
 648
 777
 461
 494
 245
 465
 869
 718
 915
 377
 116
 550
 255
 493
 502
 862
 469
 381
 431
 63
 643
 983
 76
 780
 285
 173
 738
 598
 691
 756
 989
 88
 173
 953
 602
 215
 351
 748
 537
 7
 222
 25
 74
 965
 500
 327
 33
 549
 845
 724
 653
 252
 477
 311
 511
 869
 700
 430
 48
 370
 597
 973
 185
 375
 558
 660
 866
 43
 363
 633
 357
 375
 337
 671
 402
 961
 901
 943
 620
 412
 115
 10
 492
 10
 293
 850
 942
 825
 451
 487
 445
 85
 430
 196
 116
 301
 399
 326
 517
 378
 509
 157
 572
 785
 477
 448
 975
 373
 794
 459
 294
 280
 606
 236
 894
 172
 653
 471
 968
 828
 496
 361
 520
 17
 624
 400
 17
 778
 204
 211
 13
 173
 266
 407
 105
 15
 377
 783
 172
 892
 253
 837
 418
 283
 888
 251
 924
 803
 70
 149
 91
 908
 153
 922
 479
 346
 7
 123
 101
 733
 431
 278
 900
 227
 811
 769
 386
 38
 667
 18
 46
 462
 34
 87
 647
 978
 803
 479
 434
 141
 564
 172
 620
 935
 524
 182
 20
 332
 445
 182
 754
 953
 482
 546
 668
 649
 660
 554
 150
 486
 395
 323
 577
 813
 135
 887
 882
 654
 355
 922
 635
 220
 509
 671
 437
 433
 675
 150
 990
 917
 624
 952
 265
 782
 336
 534
 97
 480
 406
 241
 627
 882
 388
 977
 860
 229
 888
 106
 57
 972
 843
 726
 929
 630
 382
 527
 735
 219
 262
 344
 252
 722
 513
 549
 423
 464
 438
 286
 410
 774
 59
 672
 826
 101
 309
 901
 463
 459
 291
 982
 534
 548
 148
 92
 812
 870
 993
 644
 980
 476
 271
 467
 727
 357
 847
 85
 386
 952
 600
 372
 653
 789
 538
 48
 711
 506
 671
 377
 755
 535
 762
 489
 784
 888
 185
 39
 356
 396
 917
 140
 912
 487
 10
 581
 262
 762
 870
 492
 666
 674
 894
 277
 241
 625
 236
 329
 555
 143
 888
 147
 797
 358
 997
 62
 792
 844
 215
 324
 161
 871
 21
 590
 388
 761
 590
 546
 566
 21
 876
 14
 252
 121
 663
 480
 594
 308
 270
 34
 787
 960
 454
 457
 486
 188
 316
 673
 985
 769
 36
 674
 536
 291
 690
 568
 671
 470
 915
 585
 732
 569
 296
 318
 939
 801
 311
 791
 459
 244
 368
 837
 735
 47
 795
 435
 595
 807
 285
 368
 811
 935
 668
 80
 540
 553
 116
 711
 398
 782
 427
 334
 645
 920
 404
 472
 9
 38
 16
 994
 186
 692
 472
 197
 492
 639
 877
 622
 833
 634
 714
 619
 17
 381
 569
 563
 514
 514
 531
 693
 377
 336
 510
 962
 863
 681
 455
 563
 490
 126
 96
 142
 196
 496
 72
 793
 918
 400
 704
 931
 83
 183
 106
 64
 519
 745
 86
 242
 977
 180
 826
 957
 114
 589
 61
 386
 642
 582
 609
 166
 786
 75
 198
 420
 151
 460
 908
 30
 182
 110
 467
 920
 584
 4
 996
 591
 909
 212
 488
 420
 329
 217
 165
 576
 966
 841
 162
 985
 717
 410
 371
 935
 380
 969
 474
 617
 864
 42
 782
 273
 546
 744
 284
 59
 588
 587
 534
 427
 855
 57
 577
 485
 814
 738
 99
 445
 378
 565
 295
 921
 292
 797
 26
 687
 278
 177
 944
 909
 145
 878
 434
 269
 578
 396
 314
 204
 581
 210
 187
 259
 831
 941
 979
 144
 694
 287
 891
 578
 748
 51
 76
 211
 94
 746
 94
 344
 276
 215
 162
 293
 376
 909
 306
 886
 721
 384
 491
 806
 250
 888
 397
 903
 226
 694
 480
 604
 380
 854
 833
 838
 535
 405
 341
 518
 124
 244
 843
 642
 984
 96
 186
 457
 357
 1000
 368
 13
 109
 895
 841
 315
 824
 217
 934
 996
 391
 556
 243
 525
 197
 240
 206
 403
 639
 403
 427
 933
 162
 504
 891
 811
 797
 144
 375
 439
 113
 626
 980
 477
 231
 946
 977
 931
 114
 902
 479
 714
 9
 373
 785
 570
 386
 46
 602
 67
 786
 953
 166
 381
 772
 813
 907
 683
 493
 103
 12
 259
 983
 227
 581
 826
 253
 340
 761
 135
 469
 714
 973
 13
 56
 845
 694
 639
 450
 154
 222
 859
 385
 680
 809
 307
 674
 841
 764
 949
 357
 416
 111
 993
 807
 54
 512
 820
 305
 985
 997
 626
 926
 221
 480
 469
 698
 170
 141
 402
 692
 733
 564
 2
 663
 252
 934
 814
 123
 299
 309
 478
 543
 522
 647
 106
 916
 829
 203
 235
 672
 387
 63
 542
 25
 411
 417
 747
 542
 536
 709
 824
 904
 94
 286
 507
 985
 472
 470
 82
 116
 467
 511
 722
 334
 805
 172
 355
 789
 707
 903
 594
 235
 699
 145
 39
 59
 364
 563
 745
 14
 705
 32
 232
 174
 199
 756
 932
 742
 690
 216
 785
 758
 466
 703
 304
 399
 536
 383
 446
 134
 348
 909
 947
 285
 883
 708
 923
 147
 445
 500
 327
 296
 584
 589
 444
 101
 83
 122
 990
 491
 403
 925
 30
 632
 25
 262
 924
 127
 424
 289
 612
 210
 387
 701
 801
 138
 417
 252
 108
 257
 283
 563
 652
 704
 620
 558
 921
 330
 470
 22
 299
 228
 362
 973
 658
 409
 816
 899
 874
 236
 566
 337
 473
 391
 481
 13
 695
 260
 372
 390
 622
 470
 465
 560
 216
 310
 903
 557
 917
 964
 894
 625
 772
 900
 897
 89
 68
 315
 70
 458
 984
 856
 878
 767
 445
 612
 495
 464
 971
 524
 533
 832
 373
 211
 679
 529
 263
 93
 220
 384
 830
 766
 314
 411
 576
 522
 234
 234
 872
 426
 30
 904
 76
 909
 363
 734
 594
 392
 527
 242
 411
 147
 976
 862
 349
 771
 926
 336
 215
 850
 997
 700
 489
 636
 767
 785
 349
 223
 722
 758
 43
 181
 681
 706
 973
 796
 778
 753
 705
 854
 776
 133
 238
 470
 904
 600
 232
 786
 385
 299
 339
 482
 629
 923
 916
 588
 568
 447
 410
 321
 947
 421
 314
 881
 873
 301
 361
 305
 686
 228
 15
 219
 450
 107
 96
 376
 486
 268
 962
 503
 786
 632
 946
 731
 972
 731
 939
 442
 822
 802
 601
 298
 311
 732
 271
 868
 76
 884
 547
 401
 534
 325
 512
 793
 253
 630
 621
 492
 884
 406
 870
 616
 142
 597
 634
 485
 5
 920
 322
 843
 523
 919
 38
 907
 8
 387
 887
 171
 454
 911
 254
 566
 939
 659
 450
 275
 692
 418
 464
 151
 59
 895
 764
 251
 538
 783
 211
 712
 688
 742
 799
 477
 986
 19
 962
 513
 187
 52
 326
 788
 795
 457
 686
 995
 922
 227
 403
 854
 426
 966
 486
 326
 430
 349
 253
 236
 46
 572
 649
 877
 946
 466
 570
 4
 387
 712
 568
 931
 837
 664
 275
 376
 287
 416
 65
 505
 398
 749
 347
 657
 441
 418
 296
 800
 463
 9
 651
 505
 537
 862
 915
 657
 333
 440
 898
 981
 705
 384
 260
 532
 458
 895
 300
 528
 23
 319
 832
 801
 181
 757
 317
 42
 116
 796
 812
 419
 895
 802
 647
 679
 52
 586
 475
 378
 792
 336
 621
 608
 414
 175
 219
 72
 257
 977
 391
 921
 571
 181
 683
 660
 770
 332
 298
 426
 34
 56
 489
 889
 954
 41
 987
 58
 553
 928
 242
 135
 275
 478
 194
 46
 416
 624
 691
 799
 915
 516
 873
 481
 368
 461
 124
 125
 876
 74
 637
 608
 701
 632
 940
 965
 185
 523
 227
 705
 625
 422
 612
 5
 318
 601
 522
 115
 682
 729
 343
 39
 487
 766
 770
 55
 211
 105
 993
 828
 44
 391
 600
 704
 556
 456
 547
 293
 148
 45
 471
 669
 574
 572
 547
 558
 888
 582
 279
 183
 255
 821
 524
 416
 702
 680
 323
 756
 51
 640
 859
 145
 344
 731
 650
 171
 596
 469
 417
 873
 280
 582
 392
 998
 999
 895
 934
 142
 644
 405
 989
 481
 374
 805
 780
 533
 725
 446
 804
 360
 87
 63
 284
 879
 74
 988
 739
 489
 705
 206
 807
 363
 817
 787
 730
 699
 354
 357
 992
 223
 348
 935
 322
 736
 363
 321
 175
 833
 544
 713
 544
 392
 795
 769
 716
 914
 700
 481
 259
 54
 453
 720
 37
 388
 476
 360
 667
 405
 865
 444
 564
 697
 375
 444
 683
 949
 812
 936
 53
 759
 978
 356
 55
 224
 690
 187
 636
 561
 774
 60
 486
 649
 343
 822
 467
 120
 804
 67
 572
 339
 356
 442
 604
 19
 556
 157
 168
 901
 335
 188
 97
 296
 802
 179
 888
 66
 509
 53
 613
 627
 958
 157
 305
 860
 482
 41
 53
 690
 544
 473
 368
 283
 133
 338
 239
 557
 950
 781
 867
 628
 744
 957
 921
 999
 357
 973
 78
 125
 787
 987
 122
 489
 558
 858
 658
 410
 215
 741
 714
 43
 715
 956
 619
 561
 113
 371
 93
 790
 799
 497
 914
 832
 373
 75
 509
 465
 398
 390
 878
 194
 817
 197
 155
 407
 728
 844
 306
 125
 604
 298
 738
 827
 248
 479
 778
 780
 120
 544
 845
 435
 802
 57
 530
 431
 35
 925
 247
 633
 260
 515
 822
 959
 825
 920
 36
 822
 797
 184
 193
 598
 985
 667
 488
 845
 50
 402
 810
 87
 19
 779
 534
 688
 487
 733
 481
 971
 103
 489
 46
 958
 866
 594
 585
 727
 673
 462
 64
 143
 396
 630
 544
 315
 931
 301
 880
 640
 358
 799
 47
 693
 949
 767
 12
 30
 952
 207
 924
 632
 248
 787
 738
 730
 193
 538
 385
 370
 961
 283
 806
 672
 601
 956
 756
 342
 947
 504
 309
 832
 139
 232
 113
 489
 219
 525
 737
 121
 741
 310
 826
 237
 661
 622
 943
 657
 162
 471
 202
 1
 138
 675
 987
 196
 916
 980
 65
 616
 75
 66
 44
 671
 366
 692
 273
 396
 688
 330
 574
 749
 947
 373
 233
 63
 671
 273
 626
 478
 19
 821
 406
 596
 442
 682
 611
 452
 996
 74
 882
 963
 490
 878
 464
 768
 555
 437
 160
 550
 547
 458
 701
 221
 555
 141
 623
 319
 16
 582
 978
 330
 392
 198
 210
 476
 944
 46
 221
 775
 694
 354
 639
 499
 73
 117
 188
 261
 802
 223
 352
 466
 259
 222
 90
 759
 887
 212
 689
 134
 24
 601
 180
 24
 521
 952
 313
 386
 670
 431
 89
 328
 931
 499
 951
 715
 639
 784
 904
 189
 478
 199
 897
 511
 141
 992
 473
 100
 942
 370
 131
 806
 914
 351
 107
 315
 379
 665
 935
 341
 550
 543
 281
 881
 110
 329
 113
 897
 678
 522
 834
 760
 304
 702
 519
 645
 840
 987
 671
 890
 361
 680
 391
 86
 917
 353
 677
 170
 961
 201
 938
 900
 125
 482
 800
 498
 420
 124
 436
 268
 713
 61
 240
 689
 455
 824
 502
 913
 598
 490
 931
 529
 845
 310
 284
 866
 294
 100
 394
 481
 227
 696
 331
 959
 38
 65
 201
 381
 926
 549
 19
 430
 148
 709
 810
 475
 425
 561
 85
 535
 848
 916
 44
 201
 941
 460
 511
 205
 11
 110
 251
 267
 777
 247
 25
 386
 812
 876
 327
 874
 476
 830
 825
 688
 381
 314
 499
 805
 847
 508
 388
 471
 22
 768
 506
 852
 420
 714
 827
 178
 712
 687
 902
 192
 527
 943
 892
 233
 869
 132
 927
 400
 443
 878
 573
 868
 571
 794
 424
 836
 354
 950
 292
 51
 682
 390
 31
 887
 932
 638
 207
 435
 980
 541
 757
 452
 755
 793
 305
 694
 821
 142
 935
 926
 748
 290
 615
 132
 978
 715
 101
 748
 369
 916
 798
 936
 706
 477
 108
 762
 499
 536
 215
 755
 208
 779
 785
 259
 734
 752
 548
 154
 846
 613
 321
 400
 296
 155
 441
 664
 176
 390
 369
 255
 199
 613
 626
 290
 408
 1
 953
 447
 193
 759
 636
 299
 309
 885
 573
 921
 419
 35
 912
 110
 544
 340
 612
 101
 479
 719
 808
 756
 641
 977
 366
 134
 62
 940
 400
 155
 352
 537
 678
 960
 870
 302
 720
 800
 931
 940
 938
 472
 842
 693
 227
 262
 760
 365
 728
 925
 32
 752
 315
 167
 313
 373
 951
 641
 915
 486
 733
 590
 280
 672
 466
 929
 655
 196
 663
 742
 431
 684
 152
 27
 116
 685
 884
 609
 619
 735
 399
 705
 590
 178
 648
 686
 123
 65
 939
 390
 639
 955
 600
 398
 863
 133
 499
 34
 898
 248
 585
 608
 798
 238
 965
 838
 898
 675
 674
 753
 415
 7
 371
 919
 330
 940
 648
 240
 352
 31
 710
 903
 338
 330
 836
 235
 120
 126
 154
 225
 680
 288
 515
 320
 25
 801
 569
 120
 708
 55
 186
 858
 344
 642
 398
 820
 690
 558
 446
 626
 268
 292
 766
 953
 714
 813
 112
 67
 227
 167
 112
 36
 960
 493
 861
 221
 34
 194
 490
 349
 237
 572
 376
 121
 655
 343
 862
 135
 622
 365
 765
 60
 538
 900
 101
 660
 531
 757
 593
 751
 419
 968
 539
 402
 185
 426
 211
 845
 532
 909
 529
 354
 818
 933
 183
 943
 146
 747
 384
 102
 843
 276
 306
 800
 732
 526
 707
 439
 131
 447
 811
 969
 138
 7
 157
 211
 703
 194
 988
 965
 262
 269
 940
 402
 569
 178
 674
 778
 376
 677
 833
 295
 274
 698
 703
 552
 102
 722
 474
 352
 479
 498
 528
 646
 239
 105
 317
 985
 619
 194
 182
 943
 552
 694
 257
 81
 106
 892
 957
 226
 282
 18
 154
 468
 318
 166
 495
 226
 809
 486
 400
 599
 588
 883
 988
 506
 385
 536
 855
 419
 480
 495
 140
 602
 786
 420
 805
 510
 384
 105
 491
 292
 511
 692
 933
 762
 67
 196
 851
 492
 944
 462
 434
 633
 266
 749
 852
 551
 698
 204
 985
 467
 141
 409
 888
 606
 177
 315
 942
 869
 320
 5
 42
 750
 630
 463
 376
 853
 137
 414
 889
 864
 56
 267
 991
 410
 371
 677
 695
 821
 195
 274
 151
 49
 486
 811
 989
 913
 678
 729
 587
 694
 802
 176
 533
 12
 944
 452
 195
 226
 477
 463
 589
 761
 185
 127
 361
 472
 110
 702
 241
 378
 335
 170
 713
 598
 876
 680
 622
 688
 842
 855
 712
 33
 603
 445
 458
 619
 276
 217
 703
 58
 623
 546
 957
 234
 207
 467
 970
 852
 438
 672
 959
 886
 687
 938
 410
 952
 827
 902
 270
 331
 93
 38
 381
 597
 765
 456
 830
 398
 367
 478
 912
 51
 955
 939
 339
 309
 521
 244
 787
 929
 782
 434
 242
 548
 917
 497
 217
 715
 973
 233
 505
 576
 316
 342
 237
 397
 782
 551
 843
 720
 658
 967
 771
 373
 825
 736
 153
 975
 150
 773
 551
 319
 31
 583
 571
 856
 808
 86
 746
 498
 46
 380
 211
 558
 734
 66
 616
 346
 308
 664
 479
 343
 802
 128
 510
 334
 575
 999
 291
 676
 271
 136
 846
 795
 195
 171
 622
 719
 663
 446
 400
 83
 209
 414
 854
 249
 847
 757
 973
 682
 79
 871
 731
 473
 716
 192
 500
 287
 903
 419
 156
 357
 693
 751
 454
 233
 827
 442
 636
 341
 572
 788
 495
 797
 379
 3
 167
 764
 485
 694
 282
 413
 48
 184
 900
 307
 134
 804
 259
 317
 884
 544
 274
 731
 95
 125
 610
 19
 2
 326
 808
 821
 484
 431
 525
 786
 389
 653
 112
 417
 935
 186
 606
 225
 694
 491
 536
 162
 999
 689
 206
 316
 456
 95
 25
 105
 181
 669
 777
 216
 33
 401
 979
 253
 751
 837
 137
 318
 413
 966
 641
 955
 621
 386
 318
 135
 472
 276
 294
 606
 388
 122
 603
 325
 862
 453
 288
 381
 530
 605
 914
 794
 845
 581
 655
 283
 939
 371
 569
 965
 1000
 965
 420
 376
 447
 534
 29
 630
 880
 304
 37
 177
 156
 555
 934
 297
 136
 173
 320
 150
 608
 988
 353
 716
 565
 662
 870
 476
 401
 822
 272
 827
 411
 276
 513
 236
 180
 989
 165
 187
 291
 13
 246
 161
 193
 122
 907
 522
 842
 122
 608
 1000
 650
 381
 752
 444
 896
 315
 75
 97
 790
 56
 127
 64
 267
 610
 253
 370
 805
 237
 629
 857
 728
 600
 301
 340
 870
 651
 233
 356
 165
 479
 992
 941
 132
 422
 740
 56
 169
 916
 15
 714
 467
 372
 835
 793
 305
 992
 396
 154
 116
 953
 122
 994
 970
 516
 995
 835
 472
 220
 648
 725
 117
 507
 865
 542
 973
 867
 58
 98
 131
 285
 959
 42
 247
 932
 341
 803
 8
 249
 346
 160
 345
 309
 324
 998
 993
 13
 483
 523
 211
 837
 906
 539
 922
 702
 200
 657
 949
 970
 647
 25
 383
 104
 884
 378
 805
 115
 607
 674
 967
 51
 935
 181
 189
 313
 73
 266
 723
 912
 108
 357
 659
 907
 614
 128
 614
 812
 540
 94
 664
 230
 303
 660
 521
 305
 643
 867
 210
 784
 661
 474
 53
 664
 17
 911
 737
 80
 521
 275
 868
 706
 818
 40
 719
 453
 584
 162
 955
 384
 886
 413
 707
 688
 746
 829
 343
 28
 307
 818
 980
 644
 645
 139
 513
 789
 210
 363
 698
 798
 944
 748
 337
 733
 634
 271
 701
 579
 704
 972
 232
 307
 763
 362
 944
 347
 161
 430
 162
 340
 405
 597
 48
 292
 459
 35
 481
 339
 808
 157
 616
 49
 65
 89
 962
 971
 387
 205
 166
 860
 960
 277
 601
 360
 693
 141
 611
 177
 327
 138
 531
 348
 754
 605
 557
 777
 508
 853
 248
 968
 66
 209
 269
 490
 810
 743
 837
 700
 544
 564
 942
 653
 665
 624
 988
 513
 912
 884
 950
 812
 634
 586
 562
 105
 130
 924
 364
 842
 530
 602
 143
 328
 771
 718
 365
 17
 215
 20
 573
 864
 627
 457
 914
 628
 139
 763
 492
 363
 469
 353
 749
 991
 590
 105
 676
 431
 255
 588
 925
 435
 219
 545
 307
 316
 411
 318
 626
 827
 326
 922
 96
 484
 119
 934
 762
 144
 57
 920
 534
 257
 348
 950
 91
 338
 27
 74
 677
 928
 618
 158
 520
 684
 98
 75
 923
 607
 509
 888
 616
 427
 397
 408
 954
 808
 841
 406
 11
 816
 859
 639
 135
 18
 207
 28
 858
 518
 131
 473
 951
 315
 877
 120
 933
 793
 175
 920
 642
 905
 600
 929
 475
 611
 940
 116
 387
 864
 616
 898
 206
 860
 575
 763
 948
 244
 176
 564
 165
 685
 517
 52
 841
 732
 961
 54
 782
 202
 828
 847
 707
 849
 712
 211
 493
 647
 873
 279
 992
 742
 259
 845
 158
 319
 610
 946
 669
 618
 935
 548
 888
 161
 232
 38
 722
 416
 951
 284
 160
 809
 310
 761
 560
 68
 148
 485
 49
 893
 985
 796
 350
 181
 983
 313
 187
 858
 106
 147
 829
 585
 508
 80
 291
 504
 239
 644
 959
 939
 645
 659
 760
 463
 826
 961
 655
 607
 596
 56
 225
 200
 580
 993
 93
 290
 107
 889
 322
 635
 965
 655
 728
 790
 456
 772
 778
 913
 364
 529
 17
 471
 1000
 953
 272
 763
 818
 548
 129
 430
 188
 83
 961
 441
 571
 725
 358
 863
 531
 67
 792
 743
 58
 401
 582
 891
 245
 270
 965
 523
 868
 807
 626
 283
 828
 443
 186
 131
 385
 426
 977
 898
 630
 626
 269
 914
 777
 537
 306
 4
 178
 771
 17
 353
 935
 12
 165
 378
 922
 965
 742
 554
 984
 788
 967
 284
 640
 289
 59
 816
 993
 169
 449
 974
 563
 362
 309
 761
 870
 122
 126
 670
 767
 153
 647
 535
 532
 552
 339
 893
 32
 522
 689
 607
 695
 185
 678
 937
 319
 319
 738
 63
 522
 939
 787
 287
 42
 47
 536
 899
 808
 920
 412
 836
 671
 171
 146
 769
 96
 785
 792
 778
 547
 702
 868
 887
 532
 31
 280
 512
 450
 815
 112
 878
 248
 638
 362
 706
 134
 989
 195
 919
 152
 412
 86
 661
 442
 948
 645
 593
 453
 996
 408
 62
 327
 245
 801
 313
 837
 376
 612
 361
 350
 436
 740
 64
 568
 126
 916
 751
 116
 395
 13
 511
 634
 88
 699
 429
 926
 80
 28
 760
 601
 311
 622
 197
 889
 206
 92
 442
 261
 14
 135
 635
 473
 361
 684
 575
 980
 620
 705
 280
 538
 817
 729
 199
 950
 802
 319
 186
 341
 955
 40
 597
 257
 980
 765
 803
 692
 261
 134
 251
 232
 151
 267
 78
 74
 24
 178
 147
 7
 561
 64
 493
 191
 562
 196
 146
 763
 18
 231
 606
 350
 676
 599
 639
 559
 527
 82
 109
 839
 775
 868
 476
 587
 737
 271
 845
 287
 667
 910
 169
 414
 870
 333
 76
 855
 410
 586
 314
 110
 84
 156
 398
 126
 907
 710
 767
 925
 182
 619
 294
 393
 272
 825
 35
 185
 431
 604
 382
 858
 32
 604
 933
 61
 638
 504
 506
 400
 956
 466
 709
 98
 493
 348
 981
 361
 161
 923
 478
 216
 544
 306
 30
 437
 50
 265
 673
 679
 216
 972
 569
 771
 857
 251
 348
 951
 963
 834
 870
 89
 23
 384
 247
 950
 994
 581
 415
 540
 148
 781
 134
 180
 496
 51
 759
 710
 547
 943
 779
 169
 534
 998
 647
 329
 742
 166
 202
 520
 728
 219
 146
 614
 319
 803
 668
 900
 87
 391
 38
 687
 435
 384
 884
 203
 462
 833
 529
 497
 718
 798
 206
 455
 654
 597
 917
 839
 320
 211
 460
 999
 527
 256
 353
 277
 432
 460
 445
 58
 191
 504
 40
 836
 75
 45
 930
 792
 860
 849
 251
 657
 496
 101
 315
 558
 203
 551
 870
 807
 530
 13
 514
 225
 341
 839
 99
 106
 158
 98
 875
 647
 78
 851
 611
 749
 222
 309
 312
 286
 928
 591
 709
 924
 289
 364
 29
 817
 840
 260
 418
 1
 773
 328
 764
 282
 976
 84
 623
 746
 7
 610
 463
 388
 967
 870
 743
 585
 373
 350
 570
 53
 263
 502
 97
 772
 476
 214
 977
 816
 617
 493
 318
 756
 287
 283
 805
 594
 336
 579
 119
 982
 649
 623
 393
 412
 714
 873
 182
 977
 360
 47
 176
 236
 61
 514
 226
 697
 192
 403
 357
 483
 735
 658
 832
 383
 712
 201
 756
 719
 658
 641
 936
 166
 53
 166
 53
 933
 817
 520
 19
 943
 993
 812
 720
 886
 127
 751
 333
 449
 249
 697
 418
 463
 530
 66
 560
 675
 545
 944
 257
 788
 596
 769
 533
 138
 226
 411
 349
 219
 428
 309
 8
 575
 588
 224
 322
 214
 431
 407
 829
 585
 947
 396
 737
 743
 199
 444
 624
 11
 244
 627
 427
 160
 684
 838
 891
 78
 440
 900
 315
 341
 591
 548
 226
 320
 382
 436
 539
 506
 471
 541
 456
 593
 628
 603
 213
 367
 725
 779
 588
 431
 268
 224
 138
 218
 655
 972
 135
 697
 37
 928
 811
 56
 112
 509
 409
 578
 551
 618
 62
 735
 131
 848
 838
 192
 551
 648
 578
 689
 173
 850
 311
 39
 913
 433
 454
 551
 562
 235
 122
 235
 188
 657
 469
 224
 716
 957
 428
 643
 363
 591
 812
 581
 884
 285
 349
 322
 235
 544
 250
 397
 600
 463
 979
 563
 910
 357
 914
 338
 603
 772
 342
 851
 732
 583
 990
 303
 436
 483
 479
 386
 162
 223
 363
 41
 714
 202
 118
 917
 196
 457
 678
 826
 129
 174
 120
 703
 625
 525
 962
 928
 549
 527
 726
 218
 260
 260
 865
 207
 559
 451
 67
 871
 421
 740
 232
 43
 848
 472
 843
 252
 464
 770
 966
 357
 461
 566
 75
 414
 572
 775
 339
 804
 46
 868
 627
 147
 675
 418
 386
 918
 485
 601
 502
 673
 772
 880
 751
 871
 177
 820
 427
 569
 836
 94
 836
 59
 683
 851
 623
 276
 95
 218
 796
 5
 851
 881
 66
 659
 64
 540
 455
 512
 63
 809
 184
 470
 373
 523
 429
 608
 739
 849
 621
 953
 33
 109
 692
 78
 231
 213
 189
 131
 594
 342
 263
 300
 647
 568
 227
 349
 371
 430
 291
 637
 859
 542
 30
 238
 465
 598
 652
 886
 467
 747
 389
 798
 74
 473
 560
 934
 94
 194
 379
 352
 500
 589
 443
 241
 989
 620
 654
 373
 734
 603
 70
 247
 187
 357
 505
 624
 123
 226
 710
 27
 144
 436
 874
 108
 673
 653
 444
 809
 294
 277
 719
 267
 783
 129
 456
 292
 363
 302
 632
 159
 164
 839
 298
 520
 751
 212
 219
 46
 271
 39
 371
 954
 344
 770
 349
 579
 408
 437
 142
 378
 92
 712
 596
 305
 776
 602
 531
 637
 751
 412
 204
 766
 527
 516
 217
 646
 784
 431
 784
 69
 612
 229
 839
 685
 18
 363
 342
 842
 919
 368
 688
 335
 811
 935
 131
 657
 207
 326
 26
 712
 173
 434
 339
 337
 310
 67
 71
 667
 899
 430
 856
 29
 145
 567
 379
 446
 787
 124
 141
 215
 139
 214
 547
 580
 368
 287
 932
 703
 349
 636
 312
 786
 19
 484
 358
 238
 969
 332
 699
 52
 871
 457
 672
 878
 715
 230
 270
 473
 916
 130
 791
 644
 272
 155
 601
 263
 358
 873
 271
 817
 593
 635
 455
 939
 736
 891
 441
 438
 245
 412
 549
 168
 207
 395
 721
 983
 757
 307
 641
 729
 267
 30
 825
 197
 883
 701
 986
 531
 845
 417
 91
 213
 308
 628
 415
 332
 856
 350
 694
 659
 841
 222
 179
 81
 120
 781
 341
 507
 760
 304
 974
 108
 363
 339
 842
 657
 546
 927
 517
 812
 334
 207
 652
 30
 597
 681
 576
 128
 488
 868
 653
 724
 604
 796
 995
 923
 420
 296
 29
 232
 422
 578
 622
 291
 571
 833
 217
 553
 605
 33
 920
 9
 983
 435
 498
 636
 148
 441
 683
 224
 152
 142
 690
 308
 328
 420
 248
 20
 616
 592
 671
 266
 441
 397
 713
 732
 493
 610
 159
 757
 628
 263
 964
 382
 784
 636
 233
 702
 417
 505
 328
 820
 127
 201
 198
 384
 329
 62
 171
 713
 632
 691
 398
 26
 149
 627
 465
 401
 454
 829
 569
 114
 644
 555
 504
 341
 845
 783
 46
 29
 534
 960
 50
 598
 65
 101
 475
 837
 198
 155
 275
 371
 782
 127
 300
 297
 454
 304
 925
 220
 414
 785
 764
 324
 893
 602
 323
 531
 670
 548
 823
 167
 128
 290
 318
 311
 101
 790
 389
 70
 658
 176
 816
 256
 719
 36
 404
 196
 741
 216
 352
 21
 407
 294
 434
 343
 691
 976
 52
 876
 33
 452
 521
 296
 776
 161
 690
 154
 693
 528
 961
 130
 125
 781
 25
 983
 699
 261
 594
 898
 59
 458
 356
 222
 152
 720
 23
 537
 862
 970
 432
 205
 169
 13
 444
 320
 693
 817
 188
 412
 609
 250
 420
 497
 757
 323
 575
 322
 151
 513
 151
 882
 858
 953
 222
 140
 683
 943
 483
 931
 814
 12
 909
 736
 984
 946
 753
 335
 418
 325
 258
 445
 883
 138
 685
 970
 584
 379
 438
 442
 15
 123
 603
 969
 334
 710
 811
 491
 971
 584
 294
 870
 915
 699
 987
 530
 527
 864
 741
 834
 721
 984
 646
 806
 669
 853
 784
 864
 58
 580
 262
 238
 957
 397
 283
 245
 989
 587
 58
 105
 676
 726
 70
 450
 873
 898
 148
 982
 773
 943
 974
 62
 977
 451
 827
 462
 916
 389
 719
 503
 723
 517
 385
 695
 71
 57
 674
 902
 139
 723
 543
 391
 684
 927
 183
 890
 749
 201
 280
 148
 596
 928
 611
 28
 834
 313
 369
 104
 719
 896
 221
 146
 12
 205
 646
 6
 254
 293
 736
 515
 239
 432
 576
 57
 59
 302
 975
 772
 935
 953
 82
 53
 524
 650
 262
 885
 60
 184
 417
 142
 887
 467
 49
 273
 883
 759
 91
 279
 172
 524
 254
 910
 768
 91
 826
 304
 75
 350
 757
 592
 826
 675
 206
 720
 875
 935
 137
 899
 483
 964
 647
 790
 730
 353
 957
 346
 337
 440
 749
 176
 217
 983
 543
 850
 556
 740
 258
 138
 710
 617
 874
 493
 760
 660
 72
 14
 486
 829
 877
 870
 67
 511
 775
 41
 251
 720
 402
 170
 833
 994
 396
 175
 757
 589
 410
 654
 129
 79
 483
 204
 653
 716
 498
 204
 488
 627
 988
 317
 397
 255
 734
 768
 213
 596
 203
 556
 410
 223
 867
 542
 475
 294
 51
 794
 146
 877
 651
 140
 335
 442
 899
 347
 988
 836
 221
 378
 333
 121
 974
 101
 36
 479
 113
 264
 330
 78
 516
 745
 953
 822
 490
 553
 28
 132
 669
 392
 583
 346
 758
 335
 281
 344
 411
 627
 614
 578
 233
 491
 995
 276
 484
 242
 234
 958
 87
 52
 531
 376
 600
 825
 556
 420
 315
 979
 941
 673
 729
 201
 637
 806
 974
 522
 528
 94
 556
 605
 652
 946
 638
 854
 521
 704
 725
 239
 807
 679
 807
 57
 256
 803
 279
 744
 542
 745
 466
 435
 796
 282
 298
 649
 612
 991
 889
 267
 171
 624
 296
 952
 290
 6
 927
 190
 556
 361
 674
 892
 425
 604
 880
 603
 132
 331
 849
 220
 230
 681
 370
 527
 456
 669
 646
 156
 438
 391
 777
 791
 373
 738
 372
 561
 752
 964
 766
 410
 891
 739
 669
 362
 276
 757
 150
 164
 747
 262
 110
 455
 193
 196
 786
 22
 218
 874
 634
 72
 897
 141
 444
 20
 644
 538
 726
 638
 75
 336
 462
 163
 518
 694
 602
 647
 641
 318
 882
 809
 200
 235
 950
 103
 847
 926
 737
 40
 858
 602
 825
 93
 243
 472
 181
 58
 634
 549
 947
 514
 77
 969
 845
 927
 712
 663
 262
 244
 803
 13
 259
 362
 40
 856
 549
 131
 705
 217
 334
 254
 795
 782
 792
 710
 20
 265
 1
 990
 993
 376
 163
 790
 618
 781
 983
 715
 391
 666
 414
 282
 785
 1000
 36
 699
 366
 180
 291
 775
 994
 119
 846
 819
 883
 521
 376
 973
 678
 101
 182
 375
 143
 92
 553
 326
 997
 617
 107
 505
 309
 494
 247
 504
 590
 206
 796
 768
 177
 167
 15
 676
 389
 425
 91
 564
 458
 277
 803
 405
 375
 202
 849
 596
 223
 894
 920
 568
 493
 544
 552
 857
 185
 930
 800
 529
 402
 201
 943
 544
 76
 561
 352
 80
 817
 809
 691
 514
 388
 763
 955
 480
 744
 10
 111
 372
 594
 60
 687
 381
 93
 982
 521
 506
 546
 34
 485
 931
 433
 201
 82
 776
 574
 332
 682
 665
 956
 781
 656
 276
 1
 375
 584
 409
 687
 5
 435
 165
 426
 746
 516
 767
 645
 897
 244
 75
 858
 820
 449
 816
 917
 435
 141
 986
 950
 428
 578
 363
 435
 713
 614
 165
 481
 607
 836
 49
 862
 892
 277
 696
 498
 368
 419
 541
 848
 76
 752
 524
 967
 999
 113
 34
 612
 533
 711
 217
 723
 445
 790
 927
 865
 447
 817
 891
 332
 586
 944
 713
 135
 844
 753
 19
 497
 524
 243
 526
 715
 253
 6
 99
 329
 990
 839
 829
 921
 982
 383
 961
 37
 149
 655
 882
 565
 815
 674
 575
 778
 392
 982
 859
 132
 798
 677
 197
 370
 208
 568
 880
 106
 943
 371
 440
 323
 186
 201
 479
 984
 548
 626
 158
 993
 251
 711
 87
 329
 70
 899
 588
 790
 451
 710
 726
 976
 153
 757
 739
 402
 284
 763
 16
 499
 248
 253
 693
 881
 323
 713
 544
 549
 91
 965
 213
 102
 137
 328
 206
 554
 457
 688
 815
 764
 467
 504
 590
 105
 604
 976
 802
 559
 403
 709
 704
 585
 870
 847
 913
 983
 825
 906
 651
 269
 968
 539
 864
 440
 714
 342
 628
 327
 855
 19
 684
 288
 882
 853
 482
 781
 331
 204
 855
 844
 760
 636
 119
 894
 669
 135
 161
 181
 369
 785
 649
 691
 362
 776
 820
 911
 648
 572
 565
 715
 86
 761
 553
 144
 715
 575
 90
 262
 122
 247
 291
 409
 396
 13
 714
 310
 259
 731
 986
 993
 267
 434
 368
 504
 347
 966
 279
 605
 305
 607
 927
 964
 63
 71
 22
 407
 499
 922
 6
 872
 363
 554
 868
 46
 347
 994
 261
 870
 339
 15
 865
 604
 994
 806
 208
 679
 424
 150
 653
 191
 862
 283
 16
 524
 183
 270
 132
 344
 625
 351
 608
 728
 459
 855
 509
 358
 842
 483
 575
 664
 838
 470
 816
 409
 111
 977
 272
 502
 827
 987
 68
 94
 442
 416
 474
 679
 649
 177
 583
 814
 238
 236
 478
 195
 660
 562
 513
 163
 811
 843
 455
 941
 787
 498
 384
 853
 3
 424
 522
 22
 831
 761
 24
 98
 125
 788
 557
 993
 288
 63
 254
 16
 302
 987
 347
 971
 637
 217
 814
 173
 609
 85
 338
 989
 375
 118
 697
 312
 964
 661
 599
 404
 795
 922
 388
 196
 85
 70
 160
 955
 106
 777
 599
 969
 541
 180
 871
 50
 290
 67
 160
 417
 610
 256
 623
 937
 196
 384
 907
 773
 371
 776
 561
 373
 962
 552
 203
 597
 397
 732
 485
 368
 66
 369
 220
 922
 381
 30
 355
 959
 541
 804
 257
 456
 888
 551
 332
 378
 860
 145
 203
 367
 507
 46
 649
 176
 214
 661
 406
 909
 609
 534
 903
 886
 722
 779
 829
 841
 802
 906
 549
 272
 48
 768
 357
 374
 759
 855
 775
 645
 526
 271
 257
 367
 866
 421
 278
 72
 597
 547
 304
 148
 431
 739
 518
 755
 729
 424
 91
 401
 515
 207
 912
 648
 492
 211
 697
 561
 905
 669
 175
 494
 75
 866
 988
 213
 72
 504
 348
 827
 559
 329
 3
 34
 633
 756
 622
 276
 369
 879
 579
 489
 464
 801
 892
 816
 332
 958
 664
 124
 785
 410
 152
 590
 779
 532
 911
 507
 674
 28
 869
 746
 279
 199
 924
 39
 370
 47
 11
 272
 522
 123
 553
 188
 716
 457
 659
 274
 799
 290
 833
 395
 560
 148
 876
 922
 515
 905
 559
 292
 252
 253
 644
 836
 854
 954
 236
 752
 202
 24
 880
 250
 385
 63
 301
 335
 795
 997
 784
 905
 915
 747
 900
 313
 257
 616
 714
 593
 334
 810
 62
 40
 911
 235
 475
 182
 761
 292
 815
 534
 22
 271
 377
 721
 745
 303
 153
 458
 485
 938
 919
 267
 419
 982
 217
 914
 54
 694
 89
 993
 189
 544
 290
 794
 463
 493
 718
 644
 248
 607
 442
 976
 40
 120
 439
 838
 925
 722
 120
 283
 158
 988
 219
 404
 18
 425
 746
 811
 853
 238
 558
 414
 469
 250
 655
 582
 31
 174
 95
 771
 664
 391
 162
 800
 757
 167
 725
 944
 805
 972
 684
 997
 846
 214
 932
 274
 281
 550
 411
 882
 818
 738
 260
 296
 738
 918
 986
 997
 793
 820
 659
 689
 633
 49
 284
 441
 767
 180
 188
 827
 487
 327
 231
 685
 99
 985
 353
 501
 623
 556
 865
 389
 81
 167
 585
 555
 572
 554
 640
 299
 197
 483
 303
 7
 583
 805
 21
 914
 755
 916
 724
 443
 599
 654
 857
 388
 823
 147
 509
 815
 693
 159
 110
 248
 50
 350
 129
 912
 483
 779
 862
 4
 830
 412
 561
 767
 978
 622
 147
 418
 834
 779
 280
 957
 246
 589
 127
 910
 904
 336
 918
 1000
 680
 985
 215
 521
 690
 640
 766
 726
 597
 680
 536
 830
 772
 199
 316
 33
 866
 540
 741
 248
 301
 232
 53
 234
 781
 322
 866
 349
 845
 242
 621
 622
 10
 434
 298
 254
 521
 176
 441
 653
 427
 933
 512
 78
 118
 690
 365
 528
 377
 887
 689
 470
 577
 509
 443
 364
 719
 313
 412
 386
 937
 363
 489
 517
 545
 592
 329
 323
 925
 432
 107
 60
 213
 842
 464
 996
 179
 222
 782
 404
 712
 354
 486
 317
 155
 764
 893
 679
 335
 375
 209
 197
 587
 649
 345
 838
 65
 629
 872
 871
 961
 166
 113
 731
 73
 361
 947
 740
 528
 188
 53
 865
 645
 38
 810
 930
 729
 227
 638
 384
 777
 852
 916
 576
 908
 712
 165
 184
 603
 187
 365
 162
 576
 132
 122
 432
 28
 615
 398
 896
 371
 82
 670
 436
 506
 159
 703
 803
 753
 42
 741
 190
 677
 175
 217
 853
 798
 802
 76
 245
 285
 511
 651
 445
 754
 43
 868
 963
 541
 192
 801
 630
 254
 832
 42
 835
 654
 723
 404
 992
 214
 89
 294
 563
 455
 651
 881
 513
 94
 230
 774
 261
 201
 560
 635
 597
 494
 959
 803
 512
 974
 616
 258
 505
 646
 226
 44
 292
 592
 662
 215
 265
 597
 54
 315
 619
 222
 256
 779
 407
 665
 760
 835
 814
 145
 442
 244
 562
 945
 805
 876
 532
 865
 134
 467
 676
 339
 898
 152
 36
 63
 327
 772
 772
 857
 490
 483
 946
 965
 997
 225
 955
 40
 625
 625
 977
 958
 27
 818
 616
 146
 752
 210
 171
 901
 640
 149
 631
 130
 988
 528
 389
 125
 63
 831
 717
 413
 967
 437
 410
 541
 858
 337
 128
 177
 493
 885
 162
 879
 446
 612
 240
 23
 514
 33
 545
 209
 732
 804
 631
 436
 960
 923
 906
 775
 81
 632
 907
 825
 413
 646
 838
 912
 687
 706
 796
 552
 622
 221
 200
 162
 471
 722
 821
 61
 139
 742
 862
 344
 570
 51
 663
 716
 746
 483
 511
 595
 426
 281
 221
 693
 493
 913
 389
 205
 479
 484
 845
 21
 349
 429
 296
 308
 52
 10
 247
 329
 753
 677
 507
 493
 154
 951
 389
 838
 769
 71
 308
 434
 447
 758
 192
 982
 196
 408
 903
 469
 470
 626
 487
 585
 943
 613
 818
 211
 281
 212
 96
 155
 357
 902
 233
 760
 339
 328
 947
 15
 258
 639
 292
 523
 802
 921
 807
 635
 547
 402
 798
 855
 435
 779
 784
 500
 740
 892
 331
 160
 85
 840
 167
 478
 824
 85
 862
 208
 694
 827
 560
 816
 933
 867
 396
 348
 802
 612
 947
 372
 97
 999
 842
 407
 514
 465
 935
 935
 590
 517
 861
 395
 703
 180
 917
 200
 869
 88
 370
 680
 221
 873
 305
 228
 190
 762
 179
 79
 635
 742
 307
 852
 322
 467
 281
 662
 151
 723
 379
 574
 548
 748
 964
 534
 321
 344
 890
 541
 245
 297
 916
 235
 228
 471
 237
 465
 180
 890
 138
 111
 9
 706
 458
 9
 514
 746
 514
 99
 477
 935
 682
 494
 255
 273
 185
 801
 791
 809
 978
 877
 478
 635
 526
 869
 508
 286
 50
 771
 547
 389
 825
 467
 935
 298
 661
 420
 900
 303
 36
 130
 695
 910
 27
 564
 694
 82
 330
 537
 743
 142
 121
 774
 142
 501
 272
 498
 364
 100
 476
 913
 691
 489
 352
 116
 494
 674
 989
 686
 30
 273
 18
 849
 552
 121
 399
 7
 762
 402
 563
 398
 557
 40
 807
 392
 878
 334
 696
 438
 521
 422
 321
 834
 637
 194
 663
 361
 824
 479
 30
 665
 321
 731
 845
 926
 407
 831
 887
 806
 664
 579
 259
 571
 573
 645
 194
 763
 821
 581
 335
 828
 136
 310
 935
 273
 530
 905
 849
 263
 352
 105
 428
 542
 464
 457
 847
 499
 675
 481
 639
 908
 256
 912
 378
 140
 574
 116
 402
 713
 901
 176
 967
 630
 28
 969
 195
 169
 414
 300
 473
 423
 11
 297
 886
 796
 951
 257
 903
 200
 133
 969
 355
 157
 924
 803
 354
 518
 657
 841
 226
 140
 65
 85
 599
 17
 611
 701
 396
 824
 371
 824
 881
 190
 511
 340
 568
 959
 481
 786
 834
 55
 846
 904
 630
 166
 896
 299
 717
 966
 751
 492
 874
 952
 787
 971
 95
 7
 680
 465
 826
 173
 190
 476
 750
 920
 848
 951
 889
 758
 929
 507
 433
 634
 252
 16
 217
 909
 403
 123
 825
 805
 121
 991
 943
 586
 275
 842
 200
 579
 451
 724
 80
 347
 224
 974
 695
 494
 428
 71
 337
 360
 274
 576
 336
 115
 56
 309
 769
 632
 12
 784
 529
 937
 814
 516
 85
 345
 924
 156
 275
 851
 547
 606
 739
 917
 981
 276
 846
 380
 51
 976
 272
 695
 758
 345
 129
 13
 561
 410
 821
 854
 173
 524
 634
 249
 825
 89
 571
 612
 181
 977
 495
 400
 107
 123
 648
 559
 948
 789
 570
 879
 899
 351
 420
 35
 738
 405
 478
 518
 426
 372
 667
 205
 750
 930
 950
 604
 574
 244
 518
 731
 7
 545
 555
 509
 450
 694
 338
 684
 453
 216
 581
 922
 475
 248
 588
 1000
 961
 139
 624
 278
 990
 749
 750
 402
 408
 170
 149
 26
 637
 604
 137
 743
 323
 732
 655
 794
 515
 626
 910
 944
 447
 812
 761
 921
 276
 43
 323
 544
 928
 45
 276
 657
 385
 858
 491
 587
 68
 615
 364
 435
 301
 93
 577
 511
 626
 421
 750
 426
 477
 244
 448
 766
 187
 745
 556
 242
 359
 339
 590
 533
 256
 982
 994
 263
 717
 308
 52
 581
 621
 45
 171
 929
 774
 345
 87
 825
 475
 600
 684
 763
 866
 323
 205
 395
 231
 530
 795
 799
 150
 151
 33
 643
 233
 530
 539
 194
 114
 268
 941
 18
 117
 303
 513
 837
 655
 214
 290
 899
 345
 517
 255
 430
 233
 688
 242
 60
 215
 193
 283
 523
 45
 199
 822
 932
 558
 712
 35
 535
 438
 691
 788
 248
 870
 585
 9
 162
 13
 6
 870
 345
 279
 785
 769
 625
 469
 967
 791
 563
 592
 149
 779
 440
 931
 559
 674
 602
 766
 945
 692
 689
 37
 510
 116
 282
 502
 22
 257
 162
 113
 691
 235
 134
 417
 388
 944
 406
 420
 842
 832
 162
 939
 594
 300
 604
 692
 962
 383
 719
 818
 640
 833
 558
 480
 96
 708
 861
 245
 54
 381
 826
 258
 20
 687
 986
 823
 926
 456
 649
 983
 563
 191
 973
 4