861
 532
 501
 551
 918
 369
 903
 887
 713
 71
 507
 249
 248
 349
 824
 542
 441
 660
 657
 396
 476
 730
 145
 771
 746
 226
 603
 424
 173
 264
 250
 818
 556
 557
 847
 440
 955
 358
 265
 56
 997
 670
 214
 658
 94
 349
 290
 639
 994
 814
 13
 91
 766
 600
 301
 349
 967
 118
 936
 686
 710
 504
 858
 831
 859
 13
 141
 28
 931
 292
 717
 5
 1
 660
 908
 2
 802
 442
 570
 941
 288
 385
 315
 395
 494
 243
 702
 427
 563
 574
 211
 981
 757
 842
 223
 492
 939
 947
 947
 522
 129
 589
 430
 755
 415
 918
 663
 375
 639
 694
 54
 482
 518
 883
 221
 260
 182
 430
 943
 799
 906
 49
 323
 52
 758
 471
 310
 144
 17
 153
 10
 753
 970
 638
 250
 442
 568
 783
 239
 134
 579
 937
 138
 92
 413
 235
 388
 743
 562
 788
 225
 589
 661
 907
 458
 537
 826
 509
 295
 971
 192
 552
 357
 429
 582
 755
 801
 297
 380
 144
 891
 547
 432
 662
 556
 155
 41
 80
 537
 694
 781
 953
 742
 741
 393
 888
 387
 953
 849
 923
 575
 967
 687
 942
 265
 579
 250
 814
 381
 575
 429
 646
 11
 412
 526
 181
 286
 355
 68
 897
 97
 865
 963
 84
 987
 927
 930
 862
 568
 885
 655
 990
 767
 591
 746
 498
 647
 211
 43
 511
 469
 752
 756
 513
 176
 658
 6
 920
 946
 911
 530
 528
 444
 748
 11
 2
 235
 824
 687
 454
 964
 176
 238
 327
 39
 148
 372
 578
 259
 903
 417
 691
 319
 548
 690
 448
 426
 12
 128
 424
 557
 473
 602
 137
 506
 442
 118
 913
 535
 446
 307
 143
 697
 275
 923
 346
 610
 781
 87
 883
 750
 664
 542
 368
 825
 858
 53
 169
 683
 392
 166
 72
 554
 745
 731
 709
 712
 646
 830
 913
 518
 695
 676
 113
 590
 119
 170
 437
 803
 485
 834
 759
 174
 282
 731
 644
 661
 546
 880
 163
 872
 633
 143
 28
 961
 889
 335
 133
 848
 163
 850
 535
 474
 801
 433
 341
 998
 584
 873
 436
 300
 203
 888
 517
 670
 805
 421
 830
 509
 954
 750
 547
 424
 672
 856
 279
 761
 489
 185
 769
 998
 430
 844
 642
 583
 333
 363
 372
 575
 688
 590
 562
 539
 866
 843
 861
 882
 119
 889
 23
 85
 586
 678
 2
 117
 527
 319
 382
 813
 848
 644
 648
 55
 292
 760
 456
 37
 51
 146
 287
 280
 27
 18
 566
 766
 163
 429
 733
 790
 528
 440
 776
 288
 705
 779
 110
 987
 131
 650
 786
 759
 943
 908
 370
 37
 506
 719
 517
 753
 183
 342
 195
 211
 326
 265
 794
 6
 688
 389
 411
 361
 432
 81
 357
 780
 997
 739
 544
 569
 590
 735
 136
 183
 986
 263
 951
 331
 497
 106
 118
 64
 566
 270
 877
 432
 104
 288
 40
 112
 40
 33
 459
 567
 982
 944
 5
 755
 116
 966
 811
 919
 181
 86
 960
 396
 144
 930
 876
 705
 664
 827
 822
 353
 135
 996
 979
 614
 202
 835
 566
 964
 428
 978
 221
 297
 440
 825
 983
 354
 333
 318
 127
 370
 863
 226
 714
 401
 321
 208
 405
 493
 48
 101
 117
 353
 84
 131
 488
 534
 254
 152
 67
 905
 522
 687
 42
 555
 220
 416
 231
 696
 211
 588
 994
 816
 76
 864
 187
 633
 122
 423
 829
 234
 15
 999
 830
 984
 719
 611
 57
 382
 891
 457
 786
 77
 112
 209
 492
 323
 749
 167
 147
 485
 146
 366
 353
 911
 531
 694
 707
 235
 710
 2
 73
 375
 374
 446
 54
 548
 769
 557
 283
 312
 393
 82
 723
 593
 318
 106
 207
 119
 273
 599
 251
 432
 51
 522
 204
 916
 372
 670
 59
 182
 169
 435
 571
 967
 711
 825
 395
 291
 710
 352
 226
 807
 802
 261
 964
 841
 609
 581
 899
 176
 379
 490
 363
 54
 540
 739
 120
 815
 608
 624
 762
 733
 818
 895
 282
 578
 276
 731
 76
 279
 437
 330
 414
 645
 506
 892
 30
 569
 882
 279
 245
 974
 544
 891
 654
 545
 367
 886
 430
 376
 98
 531
 423
 76
 451
 22
 717
 217
 679
 355
 963
 513
 539
 696
 656
 158
 683
 76
 533
 424
 177
 500
 616
 72
 644
 288
 213
 457
 7
 128
 811
 502
 124
 434
 409
 169
 232
 945
 490
 226
 156
 268
 292
 296
 110
 354
 279
 123
 509
 462
 973
 410
 415
 898
 162
 468
 474
 647
 810
 147
 175
 840
 5
 536
 48
 111
 446
 930
 4
 838
 673
 61
 311
 358
 858
 525
 693
 933
 897
 556
 79
 166
 194
 894
 948
 798
 826
 598
 280
 624
 581
 163
 712
 107
 296
 465
 222
 851
 490
 285
 366
 135
 269
 725
 855
 570
 844
 145
 488
 317
 16
 209
 326
 462
 151
 10
 533
 609
 546
 807
 808
 994
 73
 368
 242
 980
 224
 214
 579
 237
 313
 929
 718
 226
 184
 905
 689
 499
 807
 235
 641
 753
 184
 70
 906
 263
 322
 723
 440
 443
 526
 365
 663
 747
 25
 240
 954
 222
 805
 941
 113
 944
 463
 674
 702
 640
 538
 724
 127
 746
 49
 620
 315
 951
 76
 428
 282
 90
 978
 930
 566
 260
 106
 266
 684
 106
 878
 794
 67
 611
 431
 267
 199
 6
 766
 119
 228
 594
 525
 596
 76
 330
 975
 457
 620
 711
 381
 274
 359
 198
 984
 670
 193
 200
 339
 613
 803
 374
 465
 683
 877
 152
 838
 280
 215
 47
 183
 809
 898
 729
 228
 904
 958
 989
 72
 180
 719
 521
 803
 662
 389
 390
 625
 204
 266
 389
 145
 934
 770
 372
 289
 872
 178
 430
 905
 334
 389
 486
 443
 619
 559
 813
 894
 860
 133
 356
 933
 254
 522
 764
 447
 924
 739
 950
 955
 569
 944
 390
 244
 478
 553
 548
 50
 366
 107
 459
 154
 711
 383
 586
 996
 746
 82
 153
 237
 935
 865
 82
 349
 122
 982
 377
 756
 959
 825
 159
 735
 758
 105
 921
 302
 406
 498
 811
 502
 554
 649